  1.0000000E+00   5.9763945E-01  -9.7363034E-01   1.9989670E-01   1.9989670E-01   1.8711323E-02   1.8711323E-02
  5.9763945E-01   1.0000000E+00  -7.6475365E-01   3.8864781E-01   3.8864781E-01  -5.6470503E-02  -5.6470503E-02
 -9.7363034E-01  -7.6475365E-01   1.0000000E+00  -2.6927743E-01  -2.6927743E-01   3.4720794E-03   3.4720794E-03
  1.9989670E-01   3.8864781E-01  -2.6927743E-01   1.0000000E+00   1.0000000E+00  -9.4697646E-03  -9.4697646E-03
  1.9989670E-01   3.8864781E-01  -2.6927743E-01   1.0000000E+00   1.0000000E+00  -9.4697656E-03  -9.4697656E-03
  1.8711323E-02  -5.6470503E-02   3.4720794E-03  -9.4697646E-03  -9.4697656E-03   1.0000000E+00   1.0000000E+00
  1.8711323E-02  -5.6470503E-02   3.4720794E-03  -9.4697646E-03  -9.4697656E-03   1.0000000E+00   1.0000000E+00
