  1.0000000E+00   9.3087677E-01  -9.8802603E-01   9.3839912E-01   9.7281036E-02   9.7281036E-02
  9.3087677E-01   1.0000000E+00  -9.4480259E-01   9.2303796E-01   2.6037596E-02   2.6037596E-02
 -9.8802603E-01  -9.4480259E-01   1.0000000E+00  -9.8035774E-01  -1.3055783E-01  -1.3055783E-01
  9.3839912E-01   9.2303796E-01  -9.8035774E-01   1.0000000E+00   1.7755680E-01   1.7755680E-01
  9.7281036E-02   2.6037596E-02  -1.3055783E-01   1.7755680E-01   1.0000000E+00   1.0000000E+00
  9.7281036E-02   2.6037596E-02  -1.3055783E-01   1.7755680E-01   1.0000000E+00   1.0000000E+00
