  1.0000000E+00   6.0272234E-01  -9.7362755E-01   2.0310167E-01   2.0310167E-01  -3.6184317E-02  -3.6184317E-02
  6.0272234E-01   1.0000000E+00  -7.6884074E-01   3.9151531E-01   3.9151531E-01  -8.4319433E-02  -8.4319433E-02
 -9.7362755E-01  -7.6884074E-01   1.0000000E+00  -2.7271543E-01  -2.7271543E-01   5.5521761E-02   5.5521761E-02
  2.0310167E-01   3.9151531E-01  -2.7271543E-01   1.0000000E+00   1.0000000E+00  -2.4220419E-02  -2.4220419E-02
  2.0310167E-01   3.9151531E-01  -2.7271543E-01   1.0000000E+00   1.0000000E+00  -2.4220419E-02  -2.4220419E-02
 -3.6184317E-02  -8.4319433E-02   5.5521761E-02  -2.4220419E-02  -2.4220419E-02   1.0000000E+00   1.0000000E+00
 -3.6184317E-02  -8.4319433E-02   5.5521761E-02  -2.4220419E-02  -2.4220419E-02   1.0000000E+00   1.0000000E+00
